6
123E
1
4 5
2 2 1 2 2 
2 2 1 2 1 
2 2 1 2 2 
2 2 1 2 2 
1 1
123M
1
5 5
0 0 2 0 0 
0 0 1 0 0 
0 0 2 0 0 
0 0 2 0 0 
0 0 0 0 0 
2 2
123X
2
6 4
2 0 0 0 
1 0 0 0 
2 1 1 0 
2 2 2 0 
0 2 1 0 
0 0 0 0 
4 2
10 10
0 2 2 1 2 1 0 0 0 0 
0 2 0 0 2 1 2 2 0 0 
0 2 0 2 1 1 2 0 0 0 
0 1 2 1 2 2 2 2 2 0 
0 0 2 2 2 1 1 1 2 1 
0 0 1 1 1 2 1 1 1 1 
0 0 0 1 1 1 1 2 2 2 
0 0 0 2 2 1 2 2 1 1 
0 0 0 2 2 1 2 0 2 2 
0 0 0 0 0 0 2 2 2 1 
4 9
234M
1
5 6
0 0 0 0 0 0 
0 0 0 2 0 0 
0 0 0 1 2 2 
0 0 0 1 2 1 
0 0 0 0 0 0 
3 5
DIE
1
6 6
1 1 2 2 2 0 
2 2 2 2 2 2 
2 1 2 2 2 1 
2 2 2 1 2 2 
1 2 2 2 2 2 
2 0 2 2 2 2 
2 1
fin
1
4 4
2 0 0 0 
2 0 0 0 
1 0 0 0 
0 0 0 0 
2 0
